balljoint  {
	offset 0.00000 -1.00000 -0.00000
	boxmin -0.01 0.00000 -0.01
	boxmax 0.01 0.33890 0.01
	orient 1.00000 0.00000 0.00000 0.00000 1.00000 0.00000 0.00000 0.00000 1.00000
	pose 0.00000 -0.00000 0.00000
	balljoint  {
		offset 0.00000 0.92096 -0.02223
		boxmin -0.01 0.00000 -0.01
		boxmax 0.01 0.13878 0.01
		orient 1.00000 0.00000 0.00000 0.00000 0.96860 -0.24863 0.00000 0.24863 0.96860
		pose 0.00000 -0.00000 0.00000
		balljoint  {
			offset 0.00000 0.13442 0.03450
			boxmin -0.01 0.00000 -0.01
			boxmax 0.01 0.12407 0.01
			orient 1.00000 0.00000 0.00000 0.00000 0.99667 -0.08156 0.00000 0.08156 0.99667
			pose 0.00000 -0.00000 0.00000
			balljoint  {
				offset 0.00000 0.12366 0.01012
				boxmin -0.01 0.00000 -0.01
				boxmax 0.01 0.15762 0.01
				orient 1.00000 0.00000 0.00000 -0.00000 0.99975 0.02237 0.00000 -0.02237 0.99975
				pose 0.00000 -0.00000 0.00000
				balljoint  {
					offset 0.00000 0.15758 -0.00353
					boxmin -0.01 0.00000 -0.01
					boxmax 0.01 0.20573 0.01
					orient 1.00000 0.00000 0.00000 -0.00000 0.99042 0.13807 0.00000 -0.13807 0.99042
					pose 0.00000 -0.00000 0.00000
					balljoint  {
						offset 0.00000 0.20376 -0.02841
						boxmin -0.01 0.00000 -0.01
						boxmax 0.01 0.07845 0.01
						orient 1.00000 0.00000 -0.00000 -0.00000 0.96977 -0.24401 -0.00000 0.24401 0.96977
						pose 0.00000 -0.00000 0.00000
						balljoint  {
							offset 0.00000 0.07608 0.01914
							boxmin -0.01 0.00000 -0.01
							boxmax 0.01 0.18880 0.01
							orient 1.00000 0.00000 0.00000 0.00000 1.00000 0.00000 0.00000 0.00000 1.00000
							pose 0.00000 -0.00000 0.00000
						}
					}
					balljoint  {
						offset 0.01838 0.13580 0.01887
						boxmin -0.01 0.00000 -0.01
						boxmax 0.01 0.13555 0.01
						orient 0.36555 0.88122 0.29972 -0.88122 0.22395 0.41630 0.29972 -0.41630 0.85841
						pose 0.00000 -0.00000 0.00000
						balljoint L {
							offset 0.13164 -0.00715 -0.05751
							boxmin -0.01 0.00000 -0.01
							boxmax 0.01 0.29410 0.01
							orient -0.82143 0.57031 0.00064 -0.57031 -0.82143 0.00020 0.00064 -0.00020 1.00000
							pose 0.00000 -0.00000 0.00000
							balljoint  {
								offset 0.16773 -0.24158 -0.00006
								boxmin -0.01 0.00000 -0.01
								boxmax 0.01 0.27412 0.01
								orient 0.35791 0.49169 -0.79382 -0.49169 -0.62349 -0.60787 -0.79382 0.60787 0.01861
								pose 0.00000 -0.00000 0.00000
								balljoint  {
									offset 0.13478 -0.17091 0.16663
									boxmin -0.01 0.00000 -0.01
									boxmax 0.01 0.07290 0.01
									orient 0.55528 0.32094 -0.76724 -0.32094 -0.76839 -0.55369 -0.76724 0.55369 -0.32367
									pose 0.00000 -0.00000 0.00000
									balljoint  {
										offset 0.00170 -0.01439 0.02964
										boxmin -0.01 0.00000 -0.01
										boxmax 0.01 0.06060 0.01
										orient 0.55147 0.39276 -0.73595 -0.39276 -0.65607 -0.64444 -0.73595 0.64444 -0.20754
										pose 0.00000 -0.00000 0.00000
										balljoint .L {
											offset 0.02380 -0.03976 0.03905
											boxmin -0.01 0.00000 -0.01
											boxmax 0.01 0.03892 0.01
											orient 0.63685 0.22568 -0.73722 -0.22568 -0.85975 -0.45814 -0.73722 0.45814 -0.49660
											pose 0.00000 -0.00000 0.00000
											balljoint .L {
												offset 0.00878 -0.03346 0.01783
												boxmin -0.01 0.00000 -0.01
												boxmax 0.01 0.02455 0.01
												orient 0.92658 0.06581 -0.37031 -0.06581 -0.94102 -0.33189 -0.37031 0.33189 -0.86759
												pose 0.00000 -0.00000 0.00000
												balljoint .L {
													offset 0.00162 -0.02311 0.00815
													boxmin -0.01 0.00000 -0.01
													boxmax 0.01 0.02860 0.01
													orient 0.96012 -0.03547 0.27732 0.03547 -0.96845 -0.24667 0.27732 0.24667 -0.92857
													pose 0.00000 -0.00000 0.00000
												}
											}
										}
										balljoint  {
											offset -0.02725 -0.00079 -0.00366
											boxmin -0.01 0.00000 -0.01
											boxmax 0.01 0.03700 0.01
											orient 0.99757 -0.03313 0.06137 0.03313 -0.54922 -0.83502 0.06137 0.83502 -0.54679
											pose 0.00000 -0.00000 0.00000
											balljoint  {
												offset -0.00123 -0.02032 0.03089
												boxmin -0.01 0.00000 -0.01
												boxmax 0.01 0.03828 0.01
												orient 0.99393 0.03697 -0.10358 -0.03697 -0.77467 -0.63128 -0.10358 0.63128 -0.76860
												pose 0.00000 -0.00000 0.00000
												balljoint  {
													offset 0.00142 -0.02965 0.02416
													boxmin -0.01 0.00000 -0.01
													boxmax 0.01 0.03133 0.01
													orient 0.91995 0.08995 -0.38158 -0.08995 -0.89893 -0.42875 -0.38158 0.42875 -0.81888
													pose 0.00000 -0.00000 0.00000
												}
											}
										}
									}
									balljoint  {
										offset 0.01874 -0.02065 0.02361
										boxmin -0.01 0.00000 -0.01
										boxmax 0.01 0.05581 0.01
										orient 0.20650 0.49955 -0.84131 -0.49955 -0.68551 -0.52965 -0.84131 0.52965 0.10799
										pose 0.00000 -0.00000 0.00000
										balljoint 1.L {
											offset 0.02788 -0.03826 0.02956
											boxmin -0.01 0.00000 -0.01
											boxmax 0.01 0.04398 0.01
											orient 0.76118 0.14259 -0.63267 -0.14259 -0.91486 -0.37775 -0.63267 0.37775 -0.67604
											pose 0.00000 -0.00000 0.00000
											balljoint 2.L {
												offset 0.00627 -0.04023 0.01661
												boxmin -0.01 0.00000 -0.01
												boxmax 0.01 0.02908 0.01
												orient 0.46968 -0.13796 0.87199 0.13796 -0.96411 -0.22684 0.87199 0.22684 -0.43379
												pose 0.00000 -0.00000 0.00000
												balljoint 3.L {
													offset -0.00401 -0.02804 0.00660
													boxmin -0.01 0.00000 -0.01
													boxmax 0.01 0.02593 0.01
													orient -0.57742 -0.28140 0.76642 0.28140 -0.94980 -0.13673 0.76642 0.13673 0.62762
													pose 0.00000 -0.00000 0.00000
												}
											}
										}
									}
									balljoint  {
										offset 0.02004 -0.02269 -0.00027
										boxmin -0.01 0.00000 -0.01
										boxmax 0.01 0.06285 0.01
										orient -0.01018 0.55433 -0.83223 -0.55433 -0.69581 -0.45668 -0.83223 0.45668 0.31437
										pose 0.00000 -0.00000 0.00000
										balljoint L {
											offset 0.03484 -0.04373 0.02870
											boxmin -0.01 0.00000 -0.01
											boxmax 0.01 0.03812 0.01
											orient 0.80496 0.13582 -0.57758 -0.13582 -0.90541 -0.40221 -0.57758 0.40221 -0.71037
											pose 0.00000 -0.00000 0.00000
											balljoint L {
												offset 0.00518 -0.03451 0.01533
												boxmin -0.01 0.00000 -0.01
												boxmax 0.01 0.02912 0.01
												orient -0.24575 -0.24520 0.93781 0.24520 -0.95174 -0.18459 0.93781 0.18459 0.29401
												pose 0.00000 -0.00000 0.00000
												balljoint L {
													offset -0.00714 -0.02772 0.00538
													boxmin -0.01 0.00000 -0.01
													boxmax 0.01 0.02466 0.01
													orient -0.72155 -0.42327 0.54792 0.42327 -0.89593 -0.13471 0.54792 0.13471 0.82561
													pose 0.00000 -0.00000 0.00000
												}
											}
										}
									}
									balljoint  {
										offset 0.02141 -0.03466 -0.01420
										boxmin -0.01 0.00000 -0.01
										boxmax 0.01 0.05218 0.01
										orient -0.22278 0.61830 -0.75371 -0.61830 -0.68736 -0.38111 -0.75371 0.38111 0.53542
										pose 0.00000 -0.00000 0.00000
										balljoint .L {
											offset 0.03226 -0.03587 0.01989
											boxmin -0.01 0.00000 -0.01
											boxmax 0.01 0.02745 0.01
											orient 0.71371 0.12398 -0.68938 -0.12398 -0.94631 -0.29854 -0.68938 0.29854 -0.66002
											pose 0.00000 -0.00000 0.00000
											balljoint .L {
												offset 0.00340 -0.02598 0.00819
												boxmin -0.01 0.00000 -0.01
												boxmax 0.01 0.02353 0.01
												orient -0.30501 -0.32119 0.89655 0.32119 -0.92095 -0.22066 0.89655 0.22066 0.38406
												pose 0.00000 -0.00000 0.00000
												balljoint .L {
													offset -0.00756 -0.02167 0.00519
													boxmin -0.01 0.00000 -0.01
													boxmax 0.01 0.01957 0.01
													orient -0.65453 -0.44600 0.61047 0.44600 -0.87977 -0.16456 0.61047 0.16456 0.77476
													pose 0.00000 -0.00000 0.00000
												}
											}
										}
									}
								}
							}
						}
						balljoint per_arm.L {
							offset 0.13164 -0.00715 -0.05751
							boxmin -0.01 0.00000 -0.01
							boxmax 0.01 0.29410 0.01
							orient -0.82143 0.57031 0.00064 -0.57031 -0.82143 0.00020 0.00064 -0.00020 1.00000
							pose 0.00000 -0.00000 0.00000
							balljoint rearm.L {
								offset 0.16773 -0.24158 -0.00006
								boxmin -0.01 0.00000 -0.01
								boxmax 0.01 0.27412 0.01
								orient 0.35791 0.49169 -0.79382 -0.49169 -0.62349 -0.60787 -0.79382 0.60787 0.01861
								pose 0.00000 -0.00000 0.00000
								balljoint nd.L {
									offset 0.13478 -0.17091 0.16663
									boxmin -0.01 0.00000 -0.01
									boxmax 0.01 0.07290 0.01
									orient 0.55528 0.32094 -0.76724 -0.32094 -0.76839 -0.55369 -0.76724 0.55369 -0.32367
									pose 0.00000 -0.00000 0.00000
								}
							}
						}
						balljoint er_arm.L {
							offset 0.13164 -0.00715 -0.05751
							boxmin -0.01 0.00000 -0.01
							boxmax 0.01 0.29410 0.01
							orient -0.82143 0.57031 0.00064 -0.57031 -0.82143 0.00020 0.00064 -0.00020 1.00000
							pose 0.00000 -0.00000 0.00000
							balljoint earm.L {
								offset 0.16773 -0.24158 -0.00006
								boxmin -0.01 0.00000 -0.01
								boxmax 0.01 0.27412 0.01
								orient 0.35791 0.49169 -0.79382 -0.49169 -0.62349 -0.60787 -0.79382 0.60787 0.01861
								pose 0.00000 -0.00000 0.00000
							}
						}
					}
					balljoint  {
						offset -0.01838 0.13580 0.01887
						boxmin -0.01 0.00000 -0.01
						boxmax 0.01 0.13555 0.01
						orient 0.36555 -0.88122 -0.29972 0.88122 0.22395 0.41630 -0.29972 -0.41630 0.85841
						pose 0.00000 -0.00000 0.00000
						balljoint R {
							offset -0.13164 -0.00715 -0.05751
							boxmin -0.01 0.00000 -0.01
							boxmax 0.01 0.29410 0.01
							orient -0.82143 -0.57031 -0.00064 0.57031 -0.82143 0.00020 -0.00064 -0.00020 1.00000
							pose 0.00000 -0.00000 0.00000
							balljoint  {
								offset -0.16773 -0.24158 -0.00006
								boxmin -0.01 0.00000 -0.01
								boxmax 0.01 0.27412 0.01
								orient 0.35791 -0.49169 0.79382 0.49169 -0.62349 -0.60787 0.79382 0.60787 0.01861
								pose 0.00000 -0.00000 0.00000
								balljoint  {
									offset -0.13478 -0.17091 0.16663
									boxmin -0.01 0.00000 -0.01
									boxmax 0.01 0.07290 0.01
									orient 0.55528 -0.32094 0.76724 0.32094 -0.76839 -0.55369 0.76724 0.55369 -0.32367
									pose 0.00000 -0.00000 0.00000
									balljoint  {
										offset -0.00170 -0.01439 0.02964
										boxmin -0.01 0.00000 -0.01
										boxmax 0.01 0.06060 0.01
										orient 0.55147 -0.39276 0.73595 0.39276 -0.65607 -0.64444 0.73595 0.64444 -0.20754
										pose 0.00000 -0.00000 0.00000
										balljoint .R {
											offset -0.02380 -0.03976 0.03905
											boxmin -0.01 0.00000 -0.01
											boxmax 0.01 0.03892 0.01
											orient 0.63685 -0.22568 0.73722 0.22568 -0.85975 -0.45814 0.73722 0.45814 -0.49660
											pose 0.00000 -0.00000 0.00000
											balljoint .R {
												offset -0.00878 -0.03346 0.01783
												boxmin -0.01 0.00000 -0.01
												boxmax 0.01 0.02455 0.01
												orient 0.92658 -0.06581 0.37031 0.06581 -0.94102 -0.33189 0.37031 0.33189 -0.86759
												pose 0.00000 -0.00000 0.00000
												balljoint .R {
													offset -0.00162 -0.02311 0.00815
													boxmin -0.01 0.00000 -0.01
													boxmax 0.01 0.02860 0.01
													orient 0.96012 0.03547 -0.27732 -0.03547 -0.96845 -0.24667 -0.27732 0.24667 -0.92857
													pose 0.00000 -0.00000 0.00000
												}
											}
										}
										balljoint  {
											offset 0.02725 -0.00079 -0.00366
											boxmin -0.01 0.00000 -0.01
											boxmax 0.01 0.03700 0.01
											orient 0.99757 0.03313 -0.06137 -0.03313 -0.54922 -0.83502 -0.06137 0.83502 -0.54679
											pose 0.00000 -0.00000 0.00000
											balljoint  {
												offset 0.00123 -0.02032 0.03089
												boxmin -0.01 0.00000 -0.01
												boxmax 0.01 0.03828 0.01
												orient 0.99393 -0.03697 0.10358 0.03697 -0.77467 -0.63128 0.10358 0.63128 -0.76860
												pose 0.00000 -0.00000 0.00000
												balljoint  {
													offset -0.00142 -0.02965 0.02416
													boxmin -0.01 0.00000 -0.01
													boxmax 0.01 0.03133 0.01
													orient 0.91995 -0.08995 0.38158 0.08995 -0.89893 -0.42875 0.38158 0.42875 -0.81888
													pose 0.00000 -0.00000 0.00000
												}
											}
										}
									}
									balljoint  {
										offset -0.01874 -0.02065 0.02361
										boxmin -0.01 0.00000 -0.01
										boxmax 0.01 0.05581 0.01
										orient 0.20650 -0.49955 0.84131 0.49955 -0.68551 -0.52965 0.84131 0.52965 0.10799
										pose 0.00000 -0.00000 0.00000
										balljoint 1.R {
											offset -0.02788 -0.03826 0.02956
											boxmin -0.01 0.00000 -0.01
											boxmax 0.01 0.04398 0.01
											orient 0.76118 -0.14259 0.63267 0.14259 -0.91486 -0.37775 0.63267 0.37775 -0.67604
											pose 0.00000 -0.00000 0.00000
											balljoint 2.R {
												offset -0.00627 -0.04023 0.01661
												boxmin -0.01 0.00000 -0.01
												boxmax 0.01 0.02908 0.01
												orient 0.46968 0.13796 -0.87199 -0.13796 -0.96411 -0.22684 -0.87199 0.22684 -0.43379
												pose 0.00000 -0.00000 0.00000
												balljoint 3.R {
													offset 0.00401 -0.02804 0.00660
													boxmin -0.01 0.00000 -0.01
													boxmax 0.01 0.02593 0.01
													orient -0.57742 0.28140 -0.76642 -0.28140 -0.94980 -0.13673 -0.76642 0.13673 0.62762
													pose 0.00000 -0.00000 0.00000
												}
											}
										}
									}
									balljoint  {
										offset -0.02004 -0.02269 -0.00027
										boxmin -0.01 0.00000 -0.01
										boxmax 0.01 0.06285 0.01
										orient -0.01018 -0.55433 0.83223 0.55433 -0.69581 -0.45668 0.83223 0.45668 0.31437
										pose 0.00000 -0.00000 0.00000
										balljoint R {
											offset -0.03484 -0.04373 0.02870
											boxmin -0.01 0.00000 -0.01
											boxmax 0.01 0.03812 0.01
											orient 0.80496 -0.13582 0.57758 0.13582 -0.90541 -0.40221 0.57758 0.40221 -0.71037
											pose 0.00000 -0.00000 0.00000
											balljoint R {
												offset -0.00518 -0.03451 0.01533
												boxmin -0.01 0.00000 -0.01
												boxmax 0.01 0.02912 0.01
												orient -0.24575 0.24520 -0.93781 -0.24520 -0.95174 -0.18459 -0.93781 0.18459 0.29401
												pose 0.00000 -0.00000 0.00000
												balljoint R {
													offset 0.00714 -0.02772 0.00538
													boxmin -0.01 0.00000 -0.01
													boxmax 0.01 0.02466 0.01
													orient -0.72155 0.42327 -0.54792 -0.42327 -0.89593 -0.13471 -0.54792 0.13471 0.82561
													pose 0.00000 -0.00000 0.00000
												}
											}
										}
									}
									balljoint  {
										offset -0.02141 -0.03466 -0.01420
										boxmin -0.01 0.00000 -0.01
										boxmax 0.01 0.05218 0.01
										orient -0.22278 -0.61830 0.75371 0.61830 -0.68736 -0.38111 0.75371 0.38111 0.53542
										pose 0.00000 -0.00000 0.00000
										balljoint .R {
											offset -0.03226 -0.03587 0.01989
											boxmin -0.01 0.00000 -0.01
											boxmax 0.01 0.02745 0.01
											orient 0.71371 -0.12398 0.68938 0.12398 -0.94631 -0.29854 0.68938 0.29854 -0.66002
											pose 0.00000 -0.00000 0.00000
											balljoint .R {
												offset -0.00340 -0.02598 0.00819
												boxmin -0.01 0.00000 -0.01
												boxmax 0.01 0.02353 0.01
												orient -0.30501 0.32119 -0.89655 -0.32119 -0.92095 -0.22066 -0.89655 0.22066 0.38406
												pose 0.00000 -0.00000 0.00000
												balljoint .R {
													offset 0.00756 -0.02167 0.00519
													boxmin -0.01 0.00000 -0.01
													boxmax 0.01 0.01957 0.01
													orient -0.65453 0.44600 -0.61047 -0.44600 -0.87977 -0.16456 -0.61047 0.16456 0.77476
													pose 0.00000 -0.00000 0.00000
												}
											}
										}
									}
								}
							}
						}
						balljoint per_arm.R {
							offset -0.13164 -0.00715 -0.05751
							boxmin -0.01 0.00000 -0.01
							boxmax 0.01 0.29410 0.01
							orient -0.82143 -0.57031 -0.00064 0.57031 -0.82143 0.00020 -0.00064 -0.00020 1.00000
							pose 0.00000 -0.00000 0.00000
							balljoint rearm.R {
								offset -0.16773 -0.24158 -0.00006
								boxmin -0.01 0.00000 -0.01
								boxmax 0.01 0.27412 0.01
								orient 0.35791 -0.49169 0.79382 0.49169 -0.62349 -0.60787 0.79382 0.60787 0.01861
								pose 0.00000 -0.00000 0.00000
								balljoint nd.R {
									offset -0.13478 -0.17091 0.16663
									boxmin -0.01 0.00000 -0.01
									boxmax 0.01 0.07290 0.01
									orient 0.55528 -0.32094 0.76724 0.32094 -0.76839 -0.55369 0.76724 0.55369 -0.32367
									pose 0.00000 -0.00000 0.00000
								}
							}
						}
						balljoint er_arm.R {
							offset -0.13164 -0.00715 -0.05751
							boxmin -0.01 0.00000 -0.01
							boxmax 0.01 0.29410 0.01
							orient -0.82143 -0.57031 -0.00064 0.57031 -0.82143 0.00020 -0.00064 -0.00020 1.00000
							pose 0.00000 -0.00000 0.00000
							balljoint earm.R {
								offset -0.16773 -0.24158 -0.00006
								boxmin -0.01 0.00000 -0.01
								boxmax 0.01 0.27412 0.01
								orient 0.35791 -0.49169 0.79382 0.49169 -0.62349 -0.60787 0.79382 0.60787 0.01861
								pose 0.00000 -0.00000 0.00000
							}
						}
					}
				}
			}
		}
		balljoint  {
			offset 0.00000 0.00000 -0.00000
			boxmin -0.01 0.00000 -0.01
			boxmax 0.01 0.21044 0.01
			orient 0.88138 0.45278 -0.13474 -0.45278 0.72832 -0.51433 -0.13474 0.51433 0.84694
			pose 0.00000 -0.00000 0.00000
		}
		balljoint  {
			offset 0.10484 0.07028 0.05797
			boxmin -0.01 0.00000 -0.01
			boxmax 0.01 0.48652 0.01
			orient -0.99713 0.04330 0.06203 -0.04330 -0.99906 0.00134 0.06203 -0.00134 0.99807
			pose 0.00000 -0.00000 0.00000
			balljoint  {
				offset 0.02107 -0.48606 -0.00065
				boxmin -0.01 0.00000 -0.01
				boxmax 0.01 0.39457 0.01
				orient 0.64462 0.04645 0.76309 -0.04645 -0.99393 0.09974 0.76309 -0.09974 -0.63855
				pose 0.00000 -0.00000 0.00000
				balljoint  {
					offset 0.01833 -0.39217 -0.03935
					boxmin -0.01 0.00000 -0.01
					boxmax 0.01 0.14640 0.01
					orient 0.98824 0.06931 -0.13629 -0.06931 -0.59144 -0.80336 -0.13629 0.80336 -0.57969
					pose 0.00000 -0.00000 0.00000
					balljoint  {
						offset 0.01015 -0.08659 0.11761
						boxmin -0.01 0.00000 -0.01
						boxmax 0.01 0.10157 0.01
						orient 1.00000 0.00000 0.00000 0.00000 0.00000 -1.00000 0.00000 1.00000 0.00000
						pose 0.00000 -0.00000 0.00000
					}
				}
			}
		}
		balljoint  {
			offset 0.00000 0.00000 -0.00000
			boxmin -0.01 0.00000 -0.01
			boxmax 0.01 0.21044 0.01
			orient 0.88138 -0.45278 0.13474 0.45278 0.72832 -0.51433 0.13474 0.51433 0.84694
			pose 0.00000 -0.00000 0.00000
		}
		balljoint  {
			offset -0.10484 0.07028 0.05797
			boxmin -0.01 0.00000 -0.01
			boxmax 0.01 0.48652 0.01
			orient -0.99713 -0.04330 -0.06203 0.04330 -0.99906 0.00134 -0.06203 -0.00134 0.99807
			pose 0.00000 -0.00000 0.00000
			balljoint  {
				offset -0.02107 -0.48606 -0.00065
				boxmin -0.01 0.00000 -0.01
				boxmax 0.01 0.39457 0.01
				orient 0.64462 -0.04645 -0.76309 0.04645 -0.99393 0.09974 -0.76309 -0.09974 -0.63855
				pose 0.00000 -0.00000 0.00000
				balljoint  {
					offset -0.01833 -0.39217 -0.03935
					boxmin -0.01 0.00000 -0.01
					boxmax 0.01 0.14640 0.01
					orient 0.98824 -0.06931 0.13629 0.06931 -0.59144 -0.80336 0.13629 0.80336 -0.57969
					pose 0.00000 -0.00000 0.00000
					balljoint  {
						offset -0.01015 -0.08659 0.11761
						boxmin -0.01 0.00000 -0.01
						boxmax 0.01 0.10157 0.01
						orient 1.00000 0.00000 0.00000 0.00000 0.00000 -1.00000 0.00000 1.00000 0.00000
						pose 0.00000 -0.00000 0.00000
					}
				}
			}
		}
		balljoint igh.R {
			offset -0.10484 0.07028 0.05797
			boxmin -0.01 0.00000 -0.01
			boxmax 0.01 0.48652 0.01
			orient -0.99713 -0.04330 -0.06203 0.04330 -0.99906 0.00134 -0.06203 -0.00134 0.99807
			pose 0.00000 -0.00000 0.00000
			balljoint in.R {
				offset -0.02107 -0.48606 -0.00065
				boxmin -0.01 0.00000 -0.01
				boxmax 0.01 0.39457 0.01
				orient 0.64462 -0.04645 -0.76309 0.04645 -0.99393 0.09974 -0.76309 -0.09974 -0.63855
				pose 0.00000 -0.00000 0.00000
				balljoint ot.R {
					offset -0.01833 -0.39217 -0.03935
					boxmin -0.01 0.00000 -0.01
					boxmax 0.01 0.14640 0.01
					orient 0.98824 -0.06931 0.13629 0.06931 -0.59144 -0.80336 0.13629 0.80336 -0.57969
					pose 0.00000 -0.00000 0.00000
					balljoint e.R {
						offset -0.01015 -0.08659 0.11761
						boxmin -0.01 0.00000 -0.01
						boxmax 0.01 0.10157 0.01
						orient 1.00000 0.00000 0.00000 0.00000 0.00000 -1.00000 0.00000 1.00000 0.00000
						pose 0.00000 -0.00000 0.00000
					}
				}
			}
		}
		balljoint igh.L {
			offset 0.10484 0.07028 0.05797
			boxmin -0.01 0.00000 -0.01
			boxmax 0.01 0.48652 0.01
			orient -0.99713 0.04330 0.06203 -0.04330 -0.99906 0.00134 0.06203 -0.00134 0.99807
			pose 0.00000 -0.00000 0.00000
			balljoint in.L {
				offset 0.02107 -0.48606 -0.00065
				boxmin -0.01 0.00000 -0.01
				boxmax 0.01 0.39457 0.01
				orient 0.64462 0.04645 0.76309 -0.04645 -0.99393 0.09974 0.76309 -0.09974 -0.63855
				pose 0.00000 -0.00000 0.00000
				balljoint ot.L {
					offset 0.01833 -0.39217 -0.03935
					boxmin -0.01 0.00000 -0.01
					boxmax 0.01 0.14640 0.01
					orient 0.98824 0.06931 -0.13629 -0.06931 -0.59144 -0.80336 -0.13629 0.80336 -0.57969
					pose 0.00000 -0.00000 0.00000
					balljoint e.L {
						offset 0.01015 -0.08659 0.11761
						boxmin -0.01 0.00000 -0.01
						boxmax 0.01 0.10157 0.01
						orient 1.00000 0.00000 0.00000 0.00000 0.00000 -1.00000 0.00000 1.00000 0.00000
						pose 0.00000 -0.00000 0.00000
					}
				}
			}
		}
		balljoint gh.L {
			offset 0.10484 0.07028 0.05797
			boxmin -0.01 0.00000 -0.01
			boxmax 0.01 0.48652 0.01
			orient -0.99713 0.04330 0.06203 -0.04330 -0.99906 0.00134 0.06203 -0.00134 0.99807
			pose 0.00000 -0.00000 0.00000
			balljoint n.L {
				offset 0.02107 -0.48606 -0.00065
				boxmin -0.01 0.00000 -0.01
				boxmax 0.01 0.39457 0.01
				orient 0.64462 0.04645 0.76309 -0.04645 -0.99393 0.09974 0.76309 -0.09974 -0.63855
				pose 0.00000 -0.00000 0.00000
			}
		}
		balljoint gh.R {
			offset -0.10484 0.07028 0.05797
			boxmin -0.01 0.00000 -0.01
			boxmax 0.01 0.48652 0.01
			orient -0.99713 -0.04330 -0.06203 0.04330 -0.99906 0.00134 -0.06203 -0.00134 0.99807
			pose 0.00000 -0.00000 0.00000
			balljoint n.R {
				offset -0.02107 -0.48606 -0.00065
				boxmin -0.01 0.00000 -0.01
				boxmax 0.01 0.39457 0.01
				orient 0.64462 -0.04645 -0.76309 0.04645 -0.99393 0.09974 -0.76309 -0.09974 -0.63855
				pose 0.00000 -0.00000 0.00000
			}
		}
	}
}
