balljoint  {
	offset 0.00000 -1.00000 -0.00000
	boxmin -0.01 0.00000 -0.01
	boxmax 0.01 0.70529 0.01
	orient 1.00000 0.00000 0.00000 0.00000 1.00000 0.00000 0.00000 0.00000 1.00000
	pose 0.00000 -0.00000 0.00000
	balljoint  {
		offset 0.00000 0.70529 -0.00000
		boxmin -0.01 0.00000 -0.01
		boxmax 0.01 0.73807 0.01
		orient 1.00000 0.00000 -0.00000 -0.00000 0.75166 -0.65955 -0.00000 0.65955 0.75166
		pose 0.00000 -0.00000 0.00000
		balljoint  {
			offset 0.00000 0.55478 0.48679
			boxmin -0.01 0.00000 -0.01
			boxmax 0.01 0.73807 0.01
			orient 0.68378 0.68600 0.24870 -0.68600 0.48818 0.53952 0.24870 -0.53952 0.80440
			pose 0.00000 -0.00000 0.00000
		}
		balljoint  {
			offset 0.00000 0.55478 0.48679
			boxmin -0.01 0.00000 -0.01
			boxmax 0.01 0.73807 0.01
			orient 0.68378 -0.68600 -0.24870 0.68600 0.48818 0.53952 -0.24870 -0.53952 0.80440
			pose 0.00000 -0.00000 0.00000
		}
	}
}
